pos_neg_1_10_results.txt:FP: [6.385e+03 6.378e+03 6.371e+03 6.364e+03 6.357e+03 6.350e+03 6.343e+03
pos_neg_1_10_results.txt:FP: [6.346e+03 6.339e+03 6.332e+03 6.325e+03 6.318e+03 6.311e+03 6.304e+03
pos_neg_1_10_results.txt:FP: [6.387e+03 6.380e+03 6.373e+03 6.366e+03 6.359e+03 6.352e+03 6.345e+03
pos_neg_1_10_results.txt:FP: [6.361e+03 6.354e+03 6.347e+03 6.340e+03 6.333e+03 6.326e+03 6.319e+03
pos_neg_1_10_results.txt:FP: [6.355e+03 6.348e+03 6.341e+03 6.334e+03 6.327e+03 6.320e+03 6.313e+03
pos_neg_1_10_results.txt:FP: [6.377e+03 6.370e+03 6.363e+03 6.356e+03 6.349e+03 6.342e+03 6.335e+03
pos_neg_1_10_results.txt:FP: [6.428e+03 6.421e+03 6.414e+03 6.407e+03 6.400e+03 6.393e+03 6.386e+03
pos_neg_1_10_results.txt:FP: [6.406e+03 6.399e+03 6.392e+03 6.385e+03 6.378e+03 6.371e+03 6.364e+03
pos_neg_1_10_results.txt:FP: [6.410e+03 6.403e+03 6.396e+03 6.389e+03 6.382e+03 6.375e+03 6.368e+03
pos_neg_1_10_results.txt:FP: [6.403e+03 6.396e+03 6.389e+03 6.382e+03 6.375e+03 6.368e+03 6.361e+03
