pos_neg_1_10_results.txt:fpr: [9.98904884e-01 9.97809768e-01 9.96714652e-01 9.95619535e-01
pos_neg_1_10_results.txt:fpr: [9.98898149e-01 9.97796297e-01 9.96694446e-01 9.95592654e-01
pos_neg_1_10_results.txt:fpr: [9.98905241e-01 9.97810423e-01 9.96715665e-01 9.95620906e-01
pos_neg_1_10_results.txt:fpr: [9.98900771e-01 9.97801483e-01 9.96702254e-01 9.95603025e-01
pos_neg_1_10_results.txt:fpr: [9.98899698e-01 9.97799456e-01 9.96699154e-01 9.95598853e-01
pos_neg_1_10_results.txt:fpr: [9.98903513e-01 9.97807026e-01 9.96710539e-01 9.95614052e-01
pos_neg_1_10_results.txt:fpr: [9.98912215e-01 9.97824371e-01 9.96736586e-01 9.95648801e-01
pos_neg_1_10_results.txt:fpr: [9.98908460e-01 9.97816920e-01 9.96725380e-01 9.95633841e-01
pos_neg_1_10_results.txt:fpr: [9.98909175e-01 9.97818291e-01 9.96727467e-01 9.95636582e-01
pos_neg_1_10_results.txt:fpr: [9.98907983e-01 9.97815907e-01 9.96723890e-01 9.95631814e-01
