TP: [688. 688. 688. 688. 688. 688. 688. 688. 688. 688. 688. 688. 688. 688.
TP: [687. 687. 687. 687. 687. 687. 687. 687. 687. 687. 687. 687. 687. 687.
TP: [687. 687. 687. 687. 687. 687. 687. 687. 687. 687. 687. 687. 687. 687.
TP: [687. 687. 687. 687. 687. 687. 687. 687. 687. 687. 687. 687. 687. 687.
TP: [687. 687. 687. 687. 687. 687. 687. 687. 687. 687. 687. 686. 686. 686.
TP: [687. 687. 687. 687. 687. 687. 687. 687. 687. 686. 686. 686. 686. 686.
TP: [687. 687. 687. 687. 687. 687. 687. 687. 687. 687. 687. 687. 687. 687.
TP: [687. 687. 687. 687. 687. 687. 687. 687. 687. 687. 687. 687. 687. 687.
TP: [687. 687. 687. 687. 687. 687. 687. 687. 687. 687. 687. 687. 687. 687.
TP: [687. 687. 687. 687. 687. 687. 687. 687. 687. 687. 687. 687. 687. 687.
