pos_neg_1_1_results.txt:FP: [640. 639. 638. 636. 635. 634. 632. 631. 630. 628. 627. 626. 624. 623.
pos_neg_1_1_results.txt:FP: [634. 633. 632. 630. 629. 628. 626. 625. 624. 622. 621. 620. 618. 617.
pos_neg_1_1_results.txt:FP: [641. 640. 639. 637. 636. 635. 633. 632. 631. 629. 628. 627. 625. 624.
pos_neg_1_1_results.txt:FP: [628. 627. 626. 624. 623. 622. 620. 619. 618. 616. 615. 614. 612. 611.
pos_neg_1_1_results.txt:FP: [636. 635. 634. 632. 631. 630. 628. 627. 626. 624. 623. 622. 620. 619.
pos_neg_1_1_results.txt:FP: [634. 633. 632. 630. 629. 628. 626. 625. 624. 622. 621. 620. 618. 617.
pos_neg_1_1_results.txt:FP: [631. 630. 629. 627. 626. 625. 623. 622. 621. 619. 618. 617. 615. 614.
pos_neg_1_1_results.txt:FP: [636. 635. 634. 632. 631. 630. 628. 627. 626. 624. 623. 622. 620. 619.
pos_neg_1_1_results.txt:FP: [633. 632. 631. 629. 628. 627. 625. 624. 623. 621. 620. 619. 617. 616.
pos_neg_1_1_results.txt:FP: [639. 638. 637. 635. 634. 633. 631. 630. 629. 627. 626. 625. 623. 622.
