pos_neg_1_1_results.txt:fpr: [0.9984399  0.9968799  0.9953198  0.99219966 0.9906396  0.98907954
pos_neg_1_1_results.txt:fpr: [0.9984252  0.9968504  0.9952756  0.992126   0.9905512  0.98897636
pos_neg_1_1_results.txt:fpr: [0.99844235 0.99688476 0.9953271  0.9922118  0.99065423 0.9890966
pos_neg_1_1_results.txt:fpr: [0.99841017 0.99682033 0.9952305  0.9920509  0.99046105 0.9888712
pos_neg_1_1_results.txt:fpr: [0.99843013 0.99686027 0.9952904  0.9921507  0.99058086 0.989011
pos_neg_1_1_results.txt:fpr: [0.9984252  0.9968504  0.9952756  0.992126   0.9905512  0.98897636
pos_neg_1_1_results.txt:fpr: [0.99841774 0.9968355  0.99525315 0.9920886  0.99050635 0.988924
pos_neg_1_1_results.txt:fpr: [0.99843013 0.99686027 0.9952904  0.9921507  0.99058086 0.989011
pos_neg_1_1_results.txt:fpr: [0.99842274 0.9968454  0.99526817 0.9921136  0.9905363  0.988959
pos_neg_1_1_results.txt:fpr: [0.9984375 0.996875  0.9953125 0.9921875 0.990625  0.9890625 0.9859375
