TP: [688. 688. 688. 688. 688. 688. 688. 688. 688. 688. 688. 688. 688. 688.
TP: [687. 687. 687. 687. 687. 687. 687. 687. 687. 687. 687. 687. 687. 687.
TP: [687. 687. 687. 687. 687. 687. 687. 687. 687. 687. 687. 687. 687. 687.
TP: [687. 687. 687. 687. 687. 687. 687. 687. 687. 687. 687. 687. 687. 687.
TP: [687. 687. 687. 687. 687. 687. 687. 687. 687. 687. 687. 687. 687. 687.
TP: [687. 687. 687. 687. 687. 687. 687. 687. 687. 687. 687. 687. 687. 687.
TP: [687. 687. 687. 687. 687. 687. 687. 687. 687. 687. 687. 687. 687. 687.
TP: [687. 687. 687. 687. 687. 687. 687. 687. 687. 687. 687. 687. 687. 687.
TP: [687. 687. 687. 687. 687. 687. 687. 687. 687. 687. 687. 687. 687. 687.
TP: [687. 687. 687. 687. 687. 687. 687. 687. 687. 687. 687. 687. 687. 687.
